0
91
95
113
129
179
228
263
265
325
353
408
459
539
603
670
766
823
894
916
969
1057
1117
1197
1228
1262
1298
1313
1354
1376
1454
1512
1519
1585
1634
1637
1731
1829
1860
1954
1997
2087
2121
2148
2159
2177
2259
2353
2428
2453
2468
2542
2610
2678
2679
2740
2778
2829
2860
2872
2882
2904
2969
3017
3043
3118
3133
3198
3293
3294
3334
3408
3449
3509
3594
3674
3697
3738
3741
3806
3813
3900
3912
3976
4024
4050
4055
4101
4179
4232
4325
4387
4439
4534
4575
4653
4678
4734
4819
4912
4960
4997
5083
5152
5195
5276
5362
5412
5481
5514
5571
5618
5704
5737
5822
5851
5861
5923
5936
6002
6057
6118
6130
6213
6215
6309
6332
6375
6454
6516
6556
6592
6621
6712
6808
6905
6957
6990
7006
7047
7092
7177
7190
7198
7250
7271
7325
7337
7402
7435
7469
7517
7578
7592
7627
7656
7735
7790
7838
7933
8013
8080
8172
8242
8281
8298
8357
8360
8449
8509
8545
8580
8674
8722
8801
8828
8893
8897
8946
9043
9065
9146
9243
9284
9296
9307
9322
9364
9403
9404
9490
9502
9528
9529
9617
9622
9720
9772
9790
9806
9892
9989
10057
10104
10159
10225
10321
10373
10464
10493
10574
10613
10662
10694
10724
10748
10805
10837
10867
10943
11003
11032
11080
11114
11150
11158
11218
11260
11323
11337
11378
11381
11428
11447
11509
11521
11565
11576
11592
11600
11663
11690
11758
11830
11835
11867
11889
11945
11975
12022
12062
12133
12200
12203
12254
12318
12375
12432
12485
12497
12504
12566
12612
12634
12730
12752
12829
12835
12851
12885
12909
12950
12981
13040
13097
13128
13200
13214
13219
13271
13307
13334
13335
13376
13474
13501
13514
13562
13615
13623
13711
13713
13745
13761
13807
13899
13979
14046
14095
14107
14153
14228
14263
14334
14365
14426
14498
14558
14579
14617
14621
14651
14748
14808
14845
14908
14965
14977
14992
15053
15075
15086
15156
15209
15279
15294
15354
15450
15530
15626
15652
15703
15719
15792
15801
15855
15879
15930
16012
16102
16109
16139
16230
16245
16315
16386
16388
