3017957
 *2 drop 1
 *2


        1011100000110011100101
         -
    1841610 (too low)
      793034
       268746
             -
              -
               -
                -
                 -
               6602
                2506
                    -
                     -
                    458
                     202
                       74
                         -
                          -
                          10
                            -
                             2

0 1 2 3 4 5 6 7 8 9 10 11 12 13 14 15 16 17 18 19 20 21 22 23 24 25 26 27 28 29 30 31 32 33 34 35 36
2 4 6 8 10 12 14 16 18 20 22 24 26 28 30 32 34 36
2 6 10 14 18 22 26 30 34
10 18 26 34
10 26
10


1_ 2 3 4- 5 6
1 2_ 3 5- 6
1- 2 3_ 6
2- 3 6_
3_ 6-
3


    2
  1   3
   6 5

    2
  1   3
   6 x

    2
  x   3
    6

    x
  x   3
    6

    x
  x   3
    x
